

b=-1+((0.5^1)*-1)+((0.5^2)*-1)+((0.5^3)*-2)+((0.5^4)*-2)+((0.5^5)*-1)+((0.5^6)*10)
b1=-1+((0.5^1)*-1)+((0.5^2)*-1)+((0.5^3)*-2)+((0.5^4)*-2)+((0.5^5)*-1)+((0.5^6)*7)
d=-1+((0.5^1)*-1)+((0.5^2)*-1)+((0.5^3)*-2)+((0.5^4)*-1)+((0.5^5)*-1)+((0.5^6)*5)

%c=-1+((1^1)*-1)+((1^2)*-1)+((1^3)*-2)+((1^4)*-2)+((1^5)*-1)+((1^6)*10)